# cline: mcl /home/lfaino/Downloads/bioinf2023/OrthoFinder/ExampleData/OrthoFinder/Results_Oct10/WorkingDirectory/OrthoFinder_graph.txt "-I" "1.5" "-o" "/home/lfaino/Downloads/bioinf2023/OrthoFinder/ExampleData/OrthoFinder/Results_Oct10/WorkingDirectory/clusters_OrthoFinder_I1.5.txt" "-te" "9" "-V" "all"
(mclheader
mcltype matrix
dimensions 2733x1121
)
(mclmatrix
begin
0    1017 1019 1020 1021 1022 1023 1024 1025 1026 1027 1028 1029 1030
       1031 1032 1033 1035 1036 1170 1171 1172 1173 1174 1175 1176
       1177 1178 1179 1180 1181 1182 1183 1184 1186 1262 1263 1264
       1265 1266 1267 1270 1271 1272 1297 1298 1440 1441 1442 1443
       1444 1445 1446 1447 1448 1449 $
1    142 228 236 238 245 355 421 423 426 477 545 546 547 548 549 550
       551 699 705 762 763 764 765 766 767 768 769 770 773 774 775
       776 777 778 779 785 $
2    259 325 534 535 627 814 841 860 1054 1204 1428 1429 1596 1647
       1763 1764 1876 1890 1891 2002 2054 2056 2315 2316 2416 2504 $
3    21 101 152 206 344 369 376 452 501 532 544 553 703 751 781 $
4    157 1090 2075 2076 2077 2078 2340 2356 2357 2365 2366 2392 2438
       2603 $
5    915 917 928 929 930 985 986 988 1065 1251 1252 1253 1254 $
6    2 3 147 223 499 1046 1167 1897 1915 1933 2189 $
7    799 895 970 974 975 1118 1120 1168 1599 1782 2123 $
8    19 20 22 132 350 417 424 425 707 797 $
9    429 555 697 1107 1399 1708 1850 1852 2263 2487 $
10   628 633 634 636 637 638 639 640 643 644 $
11   272 298 299 1547 1563 1564 2491 2671 2678 $
12   1101 2368 2388 2493 2547 2572 2595 2606 2620 $
13   173 808 1259 1580 1585 1785 2088 2166 $
14   174 591 1258 1579 1586 1786 2087 2585 $
15   730 789 1041 1339 1791 1961 2073 2510 $
16   987 1086 1098 1268 1315 1316 1317 1503 $
17   109 430 807 1475 2021 2031 2190 $
18   215 227 709 935 936 1038 2433 $
19   916 918 919 927 984 1526 1527 $
20   1557 1558 1559 1560 1561 1565 1566 $
21   2157 2165 2253 2324 2428 2548 2720 $
22   2158 2164 2254 2323 2427 2549 2719 $
23   11 154 155 235 798 2663 $
24   168 972 977 978 1064 2035 $
25   292 309 470 654 1731 2152 $
26   297 341 342 373 474 649 $
27   311 803 1062 1144 1914 2037 $
28   327 1318 1554 2000 2036 2586 $
29   437 438 856 1774 2063 2064 $
30   518 851 1769 1846 2421 2422 $
31   2090 2409 2410 2411 2467 2495 $
32   2618 2621 2654 2656 2657 2659 $
33   0 720 822 2057 2059 $
34   16 17 1332 1333 1855 $
35   18 242 250 603 604 $
36   53 1145 1412 1888 2089 $
37   103 1358 1359 1659 2556 $
38   136 507 1473 1886 2561 $
39   137 508 1329 1947 2560 $
40   196 973 979 1601 2463 $
41   204 1488 1695 2206 2617 $
42   243 244 677 2183 2596 $
43   273 300 1549 1562 2679 $
44   294 296 472 650 652 $
45   414 527 1436 1629 2139 $
46   533 1427 1765 1889 2317 $
47   617 759 1295 1983 2516 $
48   809 904 1485 1707 2439 $
49   815 840 1646 2055 2505 $
50   1404 1405 1406 1715 2039 $
51   1408 1413 1894 1896 1927 $
52   2079 2342 2358 2364 2394 $
53   2146 2374 2391 2453 2454 $
54   13 1439 1702 2664 $
55   14 1438 1703 2665 $
56   15 1437 1704 2666 $
57   26 475 920 2522 $
58   37 1533 1838 2698 $
59   38 1532 1837 2697 $
60   42 1500 1634 2694 $
61   44 908 2023 2592 $
62   45 909 2024 2591 $
63   49 829 2050 2709 $
64   50 1574 1591 2710 $
65   51 1575 1590 2264 $
66   54 1578 1587 2303 $
67   56 826 2053 2732 $
68   57 827 2052 2731 $
69   58 828 2051 2730 $
70   59 1323 1857 2306 $
71   63 913 1611 2589 $
72   65 1200 1777 2325 $
73   66 1461 1679 2186 $
74   67 1201 1778 2326 $
75   68 1126 1986 2278 $
76   70 1115 1925 2220 $
77   72 1423 1950 2100 $
78   73 1256 1826 2528 $
79   77 1515 1603 2072 $
80   79 1518 1663 2512 $
81   80 1519 1664 2511 $
82   84 1152 1935 2198 $
83   87 1474 2030 2144 $
84   90 1571 1668 2155 $
85   91 1303 1684 2156 $
86   93 1327 1861 2171 $
87   94 1326 1860 2172 $
88   96 1325 1859 2558 $
89   97 1324 1858 2559 $
90   98 1375 2015 2178 $
91   99 983 1609 2304 $
92   104 1357 1660 2555 $
93   105 1356 1661 2554 $
94   106 1355 1662 2553 $
95   111 960 1988 2634 $
96   112 1235 1982 2215 $
97   114 1233 1980 2213 $
98   115 1433 1632 2212 $
99   116 1232 1979 2211 $
100  117 1287 1912 2716 $
101  118 1056 1870 2440 $
102  124 1311 1622 2600 $
103  125 1310 1623 2599 $
104  126 1309 1624 2598 $
105  128 968 1953 2327 $
106  134 1418 1921 2727 $
107  139 1419 1922 2501 $
108  141 1321 1801 2182 $
109  143 1389 1892 2122 $
110  153 1212 1824 2204 $
111  159 1068 1848 2638 $
112  160 1067 1847 2639 $
113  166 1496 1970 2061 $
114  176 1185 1246 2650 $
115  178 1497 1971 2712 $
116  179 1425 1640 2711 $
117  183 849 1648 2480 $
118  184 1111 1941 2662 $
119  189 1349 1714 2408 $
120  191 1288 1913 2715 $
121  194 993 1884 2066 $
122  198 1300 1687 2091 $
123  200 1493 1690 2208 $
124  203 1490 1693 2207 $
125  213 1153 1934 2086 $
126  216 1456 1948 2472 $
127  217 1455 1949 2473 $
128  222 901 2013 2161 $
129  224 712 1081 2434 $
130  225 711 1082 2435 $
131  226 710 1083 2436 $
132  230 1464 1675 2702 $
133  231 1463 1676 2701 $
134  232 1331 1729 2700 $
135  248 1368 1652 2110 $
136  249 907 2022 2111 $
137  252 1328 1862 2137 $
138  254 1228 1834 2115 $
139  255 1229 1835 2114 $
140  256 1230 1836 2113 $
141  258 1053 1875 2415 $
142  260 1055 1877 2417 $
143  262 850 1654 2141 $
144  264 1486 1705 2335 $
145  265 1467 1672 2347 $
146  267 1465 1674 2345 $
147  268 1302 1685 2660 $
148  271 1553 1839 2318 $
149  278 380 458 667 $
150  281 377 461 664 $
151  285 286 465 660 $
152  288 466 658 2299 $
153  289 467 657 2298 $
154  290 468 656 701 $
155  305 1508 1509 2532 $
156  313 1219 1829 2470 $
157  316 1074 1696 2468 $
158  319 1299 1688 2540 $
159  322 1353 1606 2479 $
160  324 626 825 1597 $
161  326 836 1388 2686 $
162  329 1069 1849 2635 $
163  330 1489 1694 2588 $
164  333 1347 1999 2302 $
165  334 1061 2038 2580 $
166  336 1040 1790 2594 $
167  337 1307 1626 2693 $
168  339 1394 1712 2648 $
169  352 1397 1709 2647 $
170  353 997 1966 2646 $
171  359 1134 1997 2102 $
172  360 1135 1996 2103 $
173  361 1136 1995 2104 $
174  362 1137 1994 2105 $
175  363 1138 1993 2106 $
176  364 1139 1992 2107 $
177  365 1140 1991 2108 $
178  382 1213 1825 2581 $
179  383 1276 1853 2704 $
180  385 1131 1610 2583 $
181  391 1237 1810 2460 $
182  393 1239 1808 2459 $
183  394 1240 1807 2458 $
184  395 1275 1910 2604 $
185  396 1330 1909 2605 $
186  400 857 1655 2705 $
187  401 906 2010 2149 $
188  404 1516 1604 2344 $
189  406 844 2045 2314 $
190  407 1014 1869 2723 $
191  411 942 1878 2257 $
192  412 941 1879 2256 $
193  413 939 1882 2482 $
194  431 992 1885 2714 $
195  432 1335 1958 2465 $
196  440 834 1618 2414 $
197  441 833 1613 2413 $
198  442 1007 1616 2295 $
199  443 1006 1615 2294 $
200  448 1128 2008 2708 $
201  449 1129 2007 2707 $
202  453 1073 1653 2320 $
203  476 921 1215 2521 $
204  483 1369 2506 2507 $
205  484 848 1621 2668 $
206  490 1196 1779 2181 $
207  491 1197 1780 2180 $
208  492 1198 1781 2179 $
209  493 914 1722 2649 $
210  496 1403 1720 2128 $
211  497 1000 1946 2636 $
212  503 831 1969 2070 $
213  505 892 2047 2192 $
214  511 1495 1643 2191 $
215  513 1209 1821 2117 $
216  516 1194 1788 2121 $
217  519 852 1770 2423 $
218  520 853 1771 2424 $
219  521 854 1772 2425 $
220  522 855 1773 2426 $
221  525 1292 1975 2096 $
222  526 746 1472 2537 $
223  528 1434 1631 2138 $
224  529 1435 1630 2584 $
225  530 1431 2020 2160 $
226  536 1479 1762 2223 $
227  537 1480 1761 2224 $
228  538 1481 1760 2225 $
229  539 1482 1759 2226 $
230  540 1484 1757 2228 $
231  541 891 1756 2229 $
232  542 890 1755 2230 $
233  543 889 1754 2231 $
234  556 888 1753 2232 $
235  557 887 1752 2233 $
236  558 886 1751 2234 $
237  559 885 1750 2235 $
238  560 884 1749 2236 $
239  561 883 1748 2237 $
240  562 882 1747 2238 $
241  563 881 1746 2239 $
242  564 880 1745 2240 $
243  565 879 1744 2241 $
244  566 878 1743 2242 $
245  567 877 1742 2243 $
246  568 876 1741 2244 $
247  569 875 1740 2245 $
248  570 874 1739 2246 $
249  571 873 1738 2247 $
250  572 872 1737 2248 $
251  573 871 1736 2249 $
252  574 870 1735 2250 $
253  575 869 1734 2251 $
254  577 962 1942 2109 $
255  578 1314 1928 2094 $
256  579 1217 1831 2502 $
257  582 1208 1820 2188 $
258  583 1206 1818 2187 $
259  586 1169 1783 2069 $
260  587 1193 1787 2068 $
261  588 956 1843 2508 $
262  589 1382 1898 2633 $
263  592 595 598 1538 $
264  605 1569 2049 2196 $
265  607 1306 1627 2503 $
266  609 1124 1628 2112 $
267  613 1146 1887 2542 $
268  620 1379 1671 2130 $
269  621 1380 1670 2131 $
270  622 1381 1669 2132 $
271  641 1420 1923 2651 $
272  645 1048 1929 2674 $
273  646 1047 1930 2675 $
274  675 967 1952 2676 $
275  676 966 1951 2677 $
276  678 894 1718 2262 $
277  679 1343 1964 2202 $
278  681 1334 1945 2159 $
279  682 1478 2034 2338 $
280  683 1477 2033 2337 $
281  684 1476 2032 2336 $
282  687 899 2018 2524 $
283  715 952 1920 2526 $
284  722 1070 1851 2405 $
285  733 1151 1936 2517 $
286  736 902 2012 2067 $
287  738 1372 1638 2313 $
288  739 1576 1589 2312 $
289  740 1577 1588 2311 $
290  742 1452 1716 2309 $
291  743 1453 2009 2308 $
292  745 1430 2019 2652 $
293  749 1075 1697 2333 $
294  750 910 2025 2590 $
295  753 1011 1863 2170 $
296  754 933 1725 2641 $
297  756 931 1723 2642 $
298  758 1517 1614 2667 $
299  760 1460 1680 2725 $
300  782 839 1721 2150 $
301  784 949 1957 2474 $
302  786 1458 1682 2083 $
303  787 1459 1681 2082 $
304  790 1241 1799 2690 $
305  791 1242 1798 2689 $
306  792 1243 1797 2688 $
307  794 980 1917 2125 $
308  795 981 1918 2124 $
309  800 934 1726 2640 $
310  801 1125 2042 2118 $
311  805 958 1845 2195 $
312  806 957 1844 2194 $
313  810 1285 1641 2321 $
314  816 845 2044 2261 $
315  817 1521 1666 2260 $
316  818 1520 1665 2259 $
317  1003 1005 1775 1776 $
318  1015 1811 1812 2136 $
319  1132 1649 1650 1987 $
320  1345 1401 1899 1978 $
321  2289 2562 2571 2573 $
322  2292 2565 2574 2577 $
323  2381 2395 2398 2399 $
324  2478 2484 2513 2514 $
325  31 1362 2270 $
326  32 1363 2269 $
327  33 1364 2268 $
328  34 1365 2267 $
329  35 1366 2272 $
330  36 1367 2271 $
331  40 1502 1636 $
332  55 1422 1924 $
333  61 317 2538 $
334  71 1116 1926 $
335  85 1340 2199 $
336  89 1572 1667 $
337  121 1249 2385 $
338  123 1767 2578 $
339  130 1342 1963 $
340  135 1570 1595 $
341  148 371 372 $
342  149 2367 2455 $
343  150 151 2477 $
344  156 162 163 $
345  171 1494 1689 $
346  175 1398 2529 $
347  201 1492 1691 $
348  202 1491 1692 $
349  205 208 819 $
350  212 1009 2332 $
351  219 938 2328 $
352  251 1199 2153 $
353  253 1226 2116 $
354  274 454 671 $
355  275 455 670 $
356  276 456 669 $
357  277 457 668 $
358  279 459 666 $
359  280 460 665 $
360  282 462 663 $
361  283 463 662 $
362  284 464 661 $
363  291 469 655 $
364  293 471 653 $
365  295 473 651 $
366  302 1505 2535 $
367  303 1506 2534 $
368  306 1510 2531 $
369  307 1511 2530 $
370  343 345 374 $
371  349 629 673 $
372  381 1225 1832 $
373  403 1112 2699 $
374  418 698 704 $
375  433 1336 1959 $
376  434 1337 1960 $
377  436 1231 2210 $
378  444 1393 2169 $
379  445 959 2706 $
380  478 923 2520 $
381  479 924 2519 $
382  480 1432 1633 $
383  593 599 1536 $
384  602 1218 1830 $
385  618 832 2637 $
386  685 948 1956 $
387  694 2430 2613 $
388  714 897 2148 $
389  716 1974 2525 $
390  723 1195 2437 $
391  725 1096 2550 $
392  726 1095 2551 $
393  727 1094 2552 $
394  741 1451 2310 $
395  793 1244 1796 $
396  804 1060 1874 $
397  835 1619 2644 $
398  862 1817 2275 $
399  863 1816 2276 $
400  864 1815 2277 $
401  893 2005 2006 $
402  954 1651 2631 $
403  963 1260 1943 $
404  1002 1004 1108 $
405  1018 1034 1269 $
406  1049 1050 1657 $
407  1110 1940 2582 $
408  1223 1827 1828 $
409  1277 1278 2483 $
410  1301 1686 2092 $
411  1322 1800 2167 $
412  1346 1895 2014 $
413  1409 1414 1900 $
414  1417 1903 2419 $
415  1483 1758 2227 $
416  1512 1513 2670 $
417  1522 1644 2544 $
418  1880 1977 2355 $
419  2084 2386 2587 $
420  2120 2579 2713 $
421  2173 2176 2274 $
422  2174 2177 2273 $
423  2291 2564 2575 $
424  2353 2476 2515 $
425  2450 2451 2452 $
426  2492 2717 2718 $
427  2497 2498 2500 $
428  2653 2655 2658 $
429  1 2060 $
430  4 2360 $
431  6 2361 $
432  7 2362 $
433  8 2363 $
434  12 397 $
435  25 1087 $
436  28 119 $
437  41 2695 $
438  48 1119 $
439  60 2305 $
440  62 1468 $
441  64 1371 $
442  69 1600 $
443  74 2222 $
444  76 2071 $
445  82 446 $
446  102 2557 $
447  127 2597 $
448  161 783 $
449  164 625 $
450  167 2062 $
451  170 2209 $
452  180 181 $
453  185 2297 $
454  187 2406 $
455  193 994 $
456  197 2462 $
457  210 1535 $
458  211 1534 $
459  214 2085 $
460  218 2293 $
461  220 2329 $
462  221 2330 $
463  229 2703 $
464  233 234 $
465  241 1099 $
466  246 2680 $
467  257 323 $
468  263 2372 $
469  269 2216 $
470  287 659 $
471  304 1507 $
472  310 409 $
473  320 2539 $
474  335 2673 $
475  351 2481 $
476  368 2672 $
477  386 2346 $
478  388 2255 $
479  416 2627 $
480  422 427 $
481  428 2301 $
482  447 2420 $
483  451 2040 $
484  481 2464 $
485  482 2217 $
486  488 2319 $
487  495 2095 $
488  510 1247 $
489  552 780 $
490  580 2185 $
491  585 1392 $
492  597 1539 $
493  600 601 $
494  612 2461 $
495  619 2687 $
496  624 2265 $
497  686 2691 $
498  688 2331 $
499  690 2488 $
500  691 2489 $
501  692 2490 $
502  693 2429 $
503  695 2431 $
504  696 2432 $
505  721 2404 $
506  729 2401 $
507  731 2201 $
508  732 2200 $
509  788 2081 $
510  820 2058 $
511  858 2004 $
512  859 2003 $
513  861 2001 $
514  865 1813 $
515  866 1814 $
516  868 1717 $
517  900 2017 $
518  905 2011 $
519  932 1724 $
520  937 1727 $
521  944 945 $
522  946 1954 $
523  947 1955 $
524  950 2296 $
525  955 2279 $
526  971 976 $
527  989 1937 $
528  995 1968 $
529  996 1967 $
530  998 1965 $
531  1008 1865 $
532  1010 1864 $
533  1016 2509 $
534  1042 1792 $
535  1057 1871 $
536  1058 1872 $
537  1059 1873 $
538  1079 1868 $
539  1084 2359 $
540  1092 2080 $
541  1097 1100 $
542  1102 1931 $
543  1114 1117 $
544  1123 2041 $
545  1141 1990 $
546  1147 2412 $
547  1148 1793 $
548  1149 1794 $
549  1156 1803 $
550  1163 1289 $
551  1202 2610 $
552  1207 1819 $
553  1210 1822 $
554  1227 1833 $
555  1283 1284 $
556  1290 1973 $
557  1293 1976 $
558  1304 1683 $
559  1308 1625 $
560  1313 1713 $
561  1319 1984 $
562  1320 1985 $
563  1341 1962 $
564  1350 1608 $
565  1360 1908 $
566  1374 2016 $
567  1390 1893 $
568  1395 1711 $
569  1396 1710 $
570  1410 1415 $
571  1416 1902 $
572  1424 1639 $
573  1426 1766 $
574  1450 1620 $
575  1469 1617 $
576  1471 1883 $
577  1501 1635 $
578  1514 1602 $
579  1524 2546 $
580  1544 1545 $
581  1555 1598 $
582  1568 2048 $
583  1581 1584 $
584  1582 1583 $
585  1605 1642 $
586  1612 1678 $
587  1698 2203 $
588  1881 2354 $
589  2027 2028 $
590  2145 2373 $
591  2147 2375 $
592  2266 2728 $
593  2282 2288 $
594  2285 2567 $
595  2286 2568 $
596  2290 2563 $
597  2341 2393 $
598  2379 2380 $
599  2389 2390 $
600  2445 2448 $
601  2446 2449 $
602  2619 2622 $
603  2625 2628 $
604  2681 2684 $
605  2682 2685 $
606  5 $
607  9 $
608  10 $
609  23 $
610  24 $
611  27 $
612  29 $
613  30 $
614  39 $
615  43 $
616  46 $
617  47 $
618  52 $
619  75 $
620  78 $
621  81 $
622  83 $
623  86 $
624  88 $
625  92 $
626  95 $
627  100 $
628  107 $
629  108 $
630  110 $
631  113 $
632  120 $
633  122 $
634  129 $
635  131 $
636  133 $
637  138 $
638  140 $
639  144 $
640  145 $
641  146 $
642  158 $
643  165 $
644  169 $
645  172 $
646  177 $
647  182 $
648  186 $
649  188 $
650  190 $
651  192 $
652  195 $
653  199 $
654  207 $
655  209 $
656  237 $
657  239 $
658  240 $
659  247 $
660  261 $
661  266 $
662  270 $
663  301 $
664  308 $
665  312 $
666  314 $
667  315 $
668  318 $
669  321 $
670  328 $
671  331 $
672  332 $
673  338 $
674  340 $
675  346 $
676  347 $
677  348 $
678  354 $
679  356 $
680  357 $
681  358 $
682  366 $
683  367 $
684  370 $
685  375 $
686  378 $
687  379 $
688  384 $
689  387 $
690  389 $
691  390 $
692  392 $
693  398 $
694  399 $
695  402 $
696  405 $
697  408 $
698  410 $
699  415 $
700  419 $
701  420 $
702  435 $
703  439 $
704  450 $
705  485 $
706  486 $
707  487 $
708  489 $
709  494 $
710  498 $
711  500 $
712  502 $
713  504 $
714  506 $
715  509 $
716  512 $
717  514 $
718  515 $
719  517 $
720  523 $
721  524 $
722  531 $
723  554 $
724  576 $
725  581 $
726  584 $
727  590 $
728  594 $
729  596 $
730  606 $
731  608 $
732  610 $
733  611 $
734  614 $
735  615 $
736  616 $
737  623 $
738  630 $
739  631 $
740  632 $
741  635 $
742  642 $
743  647 $
744  648 $
745  672 $
746  674 $
747  680 $
748  689 $
749  700 $
750  702 $
751  706 $
752  708 $
753  713 $
754  717 $
755  718 $
756  719 $
757  724 $
758  728 $
759  734 $
760  735 $
761  737 $
762  744 $
763  747 $
764  748 $
765  752 $
766  755 $
767  757 $
768  761 $
769  771 $
770  772 $
771  796 $
772  802 $
773  811 $
774  812 $
775  813 $
776  821 $
777  823 $
778  824 $
779  830 $
780  837 $
781  838 $
782  842 $
783  843 $
784  846 $
785  847 $
786  867 $
787  896 $
788  898 $
789  903 $
790  911 $
791  912 $
792  922 $
793  925 $
794  926 $
795  940 $
796  943 $
797  951 $
798  953 $
799  961 $
800  964 $
801  965 $
802  969 $
803  982 $
804  990 $
805  991 $
806  999 $
807  1001 $
808  1012 $
809  1013 $
810  1037 $
811  1039 $
812  1043 $
813  1044 $
814  1045 $
815  1051 $
816  1052 $
817  1063 $
818  1066 $
819  1071 $
820  1072 $
821  1076 $
822  1077 $
823  1078 $
824  1080 $
825  1085 $
826  1088 $
827  1089 $
828  1091 $
829  1093 $
830  1103 $
831  1104 $
832  1105 $
833  1106 $
834  1109 $
835  1113 $
836  1121 $
837  1122 $
838  1127 $
839  1130 $
840  1133 $
841  1142 $
842  1143 $
843  1150 $
844  1154 $
845  1155 $
846  1157 $
847  1158 $
848  1159 $
849  1160 $
850  1161 $
851  1162 $
852  1164 $
853  1165 $
854  1166 $
855  1187 $
856  1188 $
857  1189 $
858  1190 $
859  1191 $
860  1192 $
861  1203 $
862  1205 $
863  1211 $
864  1214 $
865  1216 $
866  1220 $
867  1221 $
868  1222 $
869  1224 $
870  1234 $
871  1236 $
872  1238 $
873  1245 $
874  1248 $
875  1250 $
876  1255 $
877  1257 $
878  1261 $
879  1273 $
880  1274 $
881  1279 $
882  1280 $
883  1281 $
884  1282 $
885  1286 $
886  1291 $
887  1294 $
888  1296 $
889  1305 $
890  1312 $
891  1338 $
892  1344 $
893  1348 $
894  1351 $
895  1352 $
896  1354 $
897  1361 $
898  1370 $
899  1373 $
900  1376 $
901  1377 $
902  1378 $
903  1383 $
904  1384 $
905  1385 $
906  1386 $
907  1387 $
908  1391 $
909  1400 $
910  1402 $
911  1407 $
912  1411 $
913  1421 $
914  1454 $
915  1457 $
916  1462 $
917  1466 $
918  1470 $
919  1487 $
920  1498 $
921  1499 $
922  1504 $
923  1523 $
924  1525 $
925  1528 $
926  1529 $
927  1530 $
928  1531 $
929  1537 $
930  1540 $
931  1541 $
932  1542 $
933  1543 $
934  1546 $
935  1548 $
936  1550 $
937  1551 $
938  1552 $
939  1556 $
940  1567 $
941  1573 $
942  1592 $
943  1593 $
944  1594 $
945  1607 $
946  1637 $
947  1645 $
948  1656 $
949  1658 $
950  1673 $
951  1677 $
952  1699 $
953  1700 $
954  1701 $
955  1706 $
956  1719 $
957  1728 $
958  1730 $
959  1732 $
960  1733 $
961  1768 $
962  1784 $
963  1789 $
964  1795 $
965  1802 $
966  1804 $
967  1805 $
968  1806 $
969  1809 $
970  1823 $
971  1840 $
972  1841 $
973  1842 $
974  1854 $
975  1856 $
976  1866 $
977  1867 $
978  1901 $
979  1904 $
980  1905 $
981  1906 $
982  1907 $
983  1911 $
984  1916 $
985  1919 $
986  1932 $
987  1938 $
988  1939 $
989  1944 $
990  1972 $
991  1981 $
992  1989 $
993  1998 $
994  2026 $
995  2029 $
996  2043 $
997  2046 $
998  2065 $
999  2074 $
1000 2093 $
1001 2097 $
1002 2098 $
1003 2099 $
1004 2101 $
1005 2119 $
1006 2126 $
1007 2127 $
1008 2129 $
1009 2133 $
1010 2134 $
1011 2135 $
1012 2140 $
1013 2142 $
1014 2143 $
1015 2151 $
1016 2154 $
1017 2162 $
1018 2163 $
1019 2168 $
1020 2175 $
1021 2184 $
1022 2193 $
1023 2197 $
1024 2205 $
1025 2214 $
1026 2218 $
1027 2219 $
1028 2221 $
1029 2252 $
1030 2258 $
1031 2280 $
1032 2281 $
1033 2283 $
1034 2284 $
1035 2287 $
1036 2300 $
1037 2307 $
1038 2322 $
1039 2334 $
1040 2339 $
1041 2343 $
1042 2348 $
1043 2349 $
1044 2350 $
1045 2351 $
1046 2352 $
1047 2369 $
1048 2370 $
1049 2371 $
1050 2376 $
1051 2377 $
1052 2378 $
1053 2382 $
1054 2383 $
1055 2384 $
1056 2387 $
1057 2396 $
1058 2397 $
1059 2400 $
1060 2402 $
1061 2403 $
1062 2407 $
1063 2418 $
1064 2441 $
1065 2442 $
1066 2443 $
1067 2444 $
1068 2447 $
1069 2456 $
1070 2457 $
1071 2466 $
1072 2469 $
1073 2471 $
1074 2475 $
1075 2485 $
1076 2486 $
1077 2494 $
1078 2496 $
1079 2499 $
1080 2518 $
1081 2523 $
1082 2527 $
1083 2533 $
1084 2536 $
1085 2541 $
1086 2543 $
1087 2545 $
1088 2566 $
1089 2569 $
1090 2570 $
1091 2576 $
1092 2593 $
1093 2601 $
1094 2602 $
1095 2607 $
1096 2608 $
1097 2609 $
1098 2611 $
1099 2612 $
1100 2614 $
1101 2615 $
1102 2616 $
1103 2623 $
1104 2624 $
1105 2626 $
1106 2629 $
1107 2630 $
1108 2632 $
1109 2643 $
1110 2645 $
1111 2661 $
1112 2669 $
1113 2683 $
1114 2692 $
1115 2696 $
1116 2721 $
1117 2722 $
1118 2724 $
1119 2726 $
1120 2729 $
)
